TY0913

cx=373.161
cy=203.246

fx=591.797
fy=591.829

二维码实际尺寸62.5mm x 62.5mm